0.546069906 0.508635055 96.269631 1582.277778 0.884767 5.000000 0.000000
0.487842116 0.175336124 143.512276 1243.655717 0.792515 5.000000 0.000000
0.502715705 0.120971451 202.308303 1154.684569 0.701312 5.000000 0.000000
0.335900679 0.101968975 243.483014 930.898396 0.584845 5.000000 0.000000
0.240926964 0.095322469 297.335204 895.942898 0.501230 5.000000 0.000000
0.187888687 0.078147239 334.362783 951.443245 0.479544 5.000000 0.000000
0.181318825 0.066207937 369.236933 857.851437 0.397866 5.000000 0.000000
0.182105132 0.055166249 395.564085 751.568284 0.310072 5.000000 0.000000
0.182233010 0.045268904 417.529837 640.754635 0.210732 5.000000 0.000000
0.189918866 0.036647877 431.244878 556.740569 0.126893 5.000000 0.000000
0.198786800 0.028567684 440.373905 472.466328 0.035118 5.000000 0.000000
0.202969744 0.022868631 443.024426 408.136163 0.040941 5.000000 0.000000
0.194152785 0.020185694 441.381785 349.452917 0.116096 5.000000 0.000000
0.186043183 0.018841740 434.877305 306.267238 0.173295 5.000000 0.000000
0.169124382 0.019523259 425.285120 270.477331 0.222182 5.000000 0.000000
0.143682492 0.020864107 412.481700 247.114436 0.250330 5.000000 0.000000
0.102124058 0.023166183 398.277268 233.620252 0.260164 5.000000 0.000000
0.078554231 0.021746820 383.545197 230.617768 0.248597 5.000000 0.000000
0.067625935 0.020516352 369.735791 239.072392 0.214270 5.000000 0.000000
0.062587275 0.018871074 357.114893 252.767830 0.170814 5.000000 0.000000
0.057966179 0.017297522 346.545624 269.926394 0.124085 5.000000 0.000000
0.057201900 0.015606765 338.133456 289.559757 0.077261 5.000000 0.000000
0.058922021 0.014086599 332.169538 309.871300 0.034676 5.000000 0.000000
0.061403493 0.012786535 328.462281 330.408975 0.002950 5.000000 0.000000
0.064177953 0.011597608 326.931602 348.860835 0.032402 5.000000 0.000000
0.066676553 0.010429310 327.388924 365.206249 0.054524 5.000000 0.000000
0.068119630 0.009342523 329.348868 377.880492 0.068525 5.000000 0.000000
0.066891767 0.008507065 332.465035 387.764156 0.076673 5.000000 0.000000
0.065035167 0.007908167 336.233652 393.597326 0.078491 5.000000 0.000000
0.060742836 0.007672439 340.457090 396.750814 0.076257 5.000000 0.000000
0.055465165 0.007671707 344.785875 396.986580 0.070278 5.000000 0.000000
0.048944710 0.007821751 349.080507 395.716983 0.062532 5.000000 0.000000
0.041635175 0.007944463 353.125574 392.712469 0.053006 5.000000 0.000000
0.034784847 0.007933559 356.851337 389.191266 0.043291 5.000000 0.000000
0.029625889 0.007751136 360.129865 384.723155 0.032973 5.000000 0.000000
0.024708451 0.007490124 362.973789 380.431396 0.023452 5.000000 0.000000
0.021833684 0.007538128 365.428595 376.108879 0.014383 5.000000 0.000000
0.021640748 0.006854250 367.560498 372.922515 0.007231 5.000000 0.000000
0.024281230 0.006226972 369.309357 369.809723 0.000676 5.000000 0.000000
0.027993086 0.005540958 370.737901 367.018777 0.005034 5.000000 0.000000
0.031015541 0.004770860 371.765227 364.027717 0.010502 5.000000 0.000000
0.033456403 0.004009052 372.418749 361.099803 0.015410 5.000000 0.000000
0.033947121 0.003360777 372.529003 358.100895 0.019721 5.000000 0.000000
0.034571421 0.003004474 372.360155 355.277834 0.023444 5.000000 0.000000
0.032077738 0.002950900 371.634363 352.566356 0.026293 5.000000 0.000000
0.030642194 0.003101076 370.662419 350.046229 0.028566 5.000000 0.000000
0.025845773 0.003370061 369.208986 347.964832 0.029581 5.000000 0.000000
0.022999010 0.003607993 367.593711 346.181756 0.029956 5.000000 0.000000
0.017514562 0.003816298 365.629416 345.075732 0.028879 5.000000 0.000000
0.014850894 0.003934684 363.635083 344.439867 0.027071 5.000000 0.000000
0.010577308 0.003956205 361.478746 344.607363 0.023860 5.000000 0.000000
0.010222712 0.003866217 359.466895 345.310734 0.020058 5.000000 0.000000
0.010116403 0.003678015 357.490240 346.763435 0.015210 5.000000 0.000000
0.012088927 0.003402032 355.819984 348.643448 0.010173 5.000000 0.000000
0.014187487 0.003062362 354.343981 351.058832 0.004651 5.000000 0.000000
0.015753105 0.002685197 353.282460 353.655838 0.000527 5.000000 0.000000
0.017473644 0.002304647 352.503917 356.483239 0.005605 5.000000 0.000000
0.017820604 0.001959956 352.171902 359.197995 0.009863 5.000000 0.000000
0.018499029 0.001698607 352.132831 361.841494 0.013579 5.000000 0.000000
0.017572704 0.001559999 352.496252 364.128324 0.016209 5.000000 0.000000
0.017203429 0.001554312 353.092075 366.108711 0.018074 5.000000 0.000000
0.015262464 0.001646292 353.989599 367.590684 0.018823 5.000000 0.000000
0.014123218 0.001784377 355.017891 368.651321 0.018813 5.000000 0.000000
0.011546348 0.001924349 356.224721 369.211703 0.017878 5.000000 0.000000
0.010072547 0.002037387 357.448699 369.369140 0.016378 5.000000 0.000000
0.007467480 0.002107920 358.729898 369.088641 0.014213 5.000000 0.000000
0.006429062 0.002126292 359.924010 368.491620 0.011746 5.000000 0.000000
0.005218569 0.002091509 361.074379 367.569962 0.008902 5.000000 0.000000
0.005740379 0.002002108 362.058625 366.460274 0.006034 5.000000 0.000000
0.006770506 0.001865554 362.928349 365.158647 0.003059 5.000000 0.000000
0.007880343 0.001686784 363.584455 363.794712 0.000289 5.000000 0.000000
0.009268424 0.001480640 364.088521 362.362408 0.002373 5.000000 0.000000
0.009873896 0.001260811 364.363772 360.978415 0.004661 5.000000 0.000000
0.010706582 0.001052425 364.481359 359.630782 0.006689 5.000000 0.000000
0.010525285 0.000885356 364.384351 358.419950 0.008240 5.000000 0.000000
0.010594843 0.000795663 364.151620 357.325878 0.009448 5.000000 0.000000
0.009649383 0.000801397 363.742524 356.431602 0.010138 5.000000 0.000000
0.009042216 0.000878690 363.240691 355.707536 0.010463 5.000000 0.000000
0.007533590 0.000987602 362.617340 355.218304 0.010293 5.000000 0.000000
0.006510408 0.001092435 361.956973 354.922909 0.009798 5.000000 0.000000
0.004777762 0.001174901 361.237584 354.866353 0.008885 5.000000 0.000000
0.003774719 0.001223166 360.540094 354.994818 0.007739 5.000000 0.000000
0.002547758 0.001234041 359.844011 355.333979 0.006297 5.000000 0.000000
0.002559833 0.001206485 359.222332 355.818348 0.004754 5.000000 0.000000
0.003131161 0.001143756 358.651477 356.457756 0.003063 5.000000 0.000000
0.003925979 0.001050283 358.193204 357.179581 0.001415 5.000000 0.000000
0.004899005 0.000933224 357.817721 357.984251 0.000232 5.000000 0.000000
0.005425622 0.000800892 357.573938 358.798794 0.001707 5.000000 0.000000
0.006073630 0.000665048 357.424682 359.621875 0.003060 5.000000 0.000000
0.006132940 0.000540631 357.406326 360.387118 0.004147 5.000000 0.000000
0.006325923 0.000450346 357.475046 361.098103 0.005035 5.000000 0.000000
0.005910785 0.000416793 357.656645 361.700163 0.005613 5.000000 0.000000
0.005675336 0.000444914 357.902794 362.205903 0.005967 5.000000 0.000000
0.004867686 0.000509992 358.231719 362.574568 0.006017 5.000000 0.000000
0.004317920 0.000584952 358.593452 362.828872 0.005863 5.000000 0.000000
0.003269358 0.000651683 359.001975 362.941386 0.005449 5.000000 0.000000
0.002601126 0.000700423 359.408607 362.943612 0.004887 5.000000 0.000000
0.001594762 0.000726589 359.826180 362.819035 0.004136 5.000000 0.000000
0.001292349 0.000727854 360.209826 362.605319 0.003310 5.000000 0.000000
0.001384343 0.000705143 360.573733 362.293713 0.002376 5.000000 0.000000
0.001908699 0.000659695 360.878702 361.925090 0.001446 5.000000 0.000000
0.002588830 0.000595725 361.142009 361.495309 0.000488 5.000000 0.000000
0.002996002 0.000517106 361.331191 361.045670 0.000395 5.000000 0.000000
0.003495849 0.000430904 361.467510 360.573795 0.001236 5.000000 0.000000
0.003605446 0.000344701 361.525480 360.118932 0.001946 5.000000 0.000000
0.003808936 0.000271771 361.530403 359.677943 0.002565 5.000000 0.000000
0.003609106 0.000229562 361.463222 359.285857 0.003017 5.000000 0.000000
0.003527281 0.000232281 361.352567 358.936609 0.003349 5.000000 0.000000
0.003069550 0.000269610 361.184571 358.659255 0.003503 5.000000 0.000000
0.002773601 0.000319396 360.989859 358.443175 0.003535 5.000000 0.000000
0.002150814 0.000366757 360.758029 358.310352 0.003399 5.000000 0.000000
0.001753528 0.000403796 360.519999 358.244806 0.003161 5.000000 0.000000
0.001106581 0.000427237 360.266902 358.261287 0.002787 5.000000 0.000000
0.000822814 0.000435395 360.028187 358.338692 0.002349 5.000000 0.000000
0.000672691 0.000428637 359.794703 358.485441 0.001820 5.000000 0.000000
0.000944071 0.000407670 359.592920 358.676579 0.001274 5.000000 0.000000
0.001353969 0.000374707 359.411993 358.916011 0.000690 5.000000 0.000000
0.001619847 0.000331910 359.274409 359.176947 0.000135 5.000000 0.000000
0.001962542 0.000282973 359.166806 359.461099 0.000409 5.000000 0.000000
0.002064237 0.000231643 359.107311 359.742117 0.000882 5.000000 0.000000
0.002242062 0.000184368 359.079874 360.021829 0.001308 5.000000 0.000000
0.002162272 0.000149345 359.098504 360.276354 0.001635 5.000000 0.000000
0.002170109 0.000137507 359.144873 360.509476 0.001894 5.000000 0.000000
0.001929807 0.000150002 359.229606 360.701193 0.002041 5.000000 0.000000
0.001799713 0.000176537 359.332917 360.858358 0.002115 5.000000 0.000000
0.001446026 0.000205707 359.463094 360.965485 0.002083 5.000000 0.000000
0.001235688 0.000231084 359.599927 361.032835 0.001986 5.000000 0.000000
0.000842108 0.000249525 359.750521 361.049358 0.001799 5.000000 0.000000
0.000648098 0.000259346 359.895298 361.028407 0.001570 5.000000 0.000000
0.000421814 0.000260361 360.041254 360.962724 0.001276 5.000000 0.000000
0.000496172 0.000252520 360.170359 360.867974 0.000966 5.000000 0.000000
