10 5
-28.416000 -31.060000 1.584000 -8.008000 -26.244000 -24.696000 14.124000 -19.392000 -13.080000 13.668000
-8.000000 8.200000 -9.200000 -9.200000 8.000000
5.600000 0.200000 -3.400000 -9.000000 -3.600000
-2.200000 -6.200000 -6.200000 -8.800000 7.000000
3.800000 -0.400000 -0.000000 -2.800000 1.200000
-4.400000 -5.200000 4.400000 -1.600000 6.800000
9.600000 -2.600000 -5.600000 -8.400000 -3.200000
4.200000 2.200000 -8.000000 -8.200000 3.600000
5.400000 4.400000 4.000000 -5.400000 7.200000
-0.800000 6.000000 -5.200000 -6.000000 5.600000
-3.000000 8.000000 -2.000000 -4.000000 4.600000
-5.400000 7.000000 2.000000 6.800000 -8.200000
