7 6
79.040000 -34.872000 -26.592000 135.800000 88.032000 172.032000 24.376000
8.800000 9.200000 -3.000000 -2.200000 6.200000 -10.000000
-3.600000 0.400000 -4.400000 1.000000 9.200000 8.400000
-7.800000 6.600000 -2.600000 -8.600000 -0.600000 -9.000000
-4.800000 6.200000 -4.200000 -9.600000 -4.600000 3.800000
9.800000 -4.200000 8.400000 10.000000 3.400000 -2.000000
4.000000 0.400000 -2.400000 5.400000 3.200000 7.000000
-7.000000 10.000000 9.000000 8.400000 -8.400000 -4.000000
-6.800000 4.400000 -7.400000 3.000000 9.200000 -0.400000
