9 5
154.904000 -38.780000 -16.920000 110.520000 -21.492000 -26.208000 130.256000 -1.792000 -76.160000
4.400000 -1.800000 0.000000 -0.400000 9.200000
-6.600000 6.600000 9.000000 2.400000 9.200000
-5.600000 1.000000 0.000000 -9.000000 -8.200000
7.400000 -6.400000 -6.200000 -2.400000 -0.800000
7.400000 -3.200000 5.600000 -3.200000 8.400000
9.000000 0.000000 8.200000 5.400000 -9.400000
-8.200000 0.200000 10.000000 6.600000 -4.400000
-5.600000 8.000000 7.000000 -6.200000 9.600000
-9.400000 3.400000 6.000000 -0.200000 0.200000
0.800000 -6.800000 7.800000 6.400000 -7.800000
