9 8
86.892000 -28.928000 -57.248000 -83.904000 -37.656000 67.548000 -106.956000 -93.152000 -15.260000
-3.200000 8.000000 -5.000000 -0.800000 -6.000000 -6.600000 -3.400000 -7.200000
6.800000 8.200000 -8.800000 -0.600000 -5.600000 -7.400000 0.000000 8.200000
-5.400000 -2.800000 4.200000 -8.000000 -4.800000 -0.200000 4.000000 2.000000
-8.400000 -9.400000 -2.200000 0.800000 7.600000 9.200000 -4.000000 1.400000
1.000000 -8.200000 -9.800000 2.600000 -9.800000 -7.200000 -7.000000 0.400000
-6.400000 -2.200000 -9.600000 6.200000 -7.800000 8.400000 -7.000000 3.800000
-0.200000 -5.800000 7.200000 -7.400000 2.600000 -6.600000 9.400000 8.000000
-3.600000 -6.600000 -1.400000 8.600000 -2.000000 -9.400000 -7.000000 -7.600000
-3.000000 -5.800000 -6.800000 4.800000 -1.400000 -1.200000 -8.000000 -5.000000
8.600000 -7.200000 -6.800000 -6.800000 4.800000 1.600000 5.000000 -5.400000
