9 8
-23.408000 -41.440000 157.852000 103.680000 -82.272000 -27.160000 139.152000 45.716000 39.060000
-7.800000 -9.800000 -9.400000 0.000000 6.600000 1.200000 -7.000000 -1.200000
-4.600000 6.400000 7.000000 -0.600000 -6.000000 -8.000000 -0.800000 -9.600000
5.400000 5.000000 -9.600000 5.000000 -7.200000 5.800000 -9.800000 3.600000
8.000000 8.600000 3.600000 5.600000 6.000000 2.400000 -10.000000 -3.600000
-2.600000 6.400000 -0.800000 1.400000 0.600000 8.200000 -1.600000 -3.600000
10.000000 -9.600000 -1.200000 1.200000 1.000000 -5.000000 -7.800000 -3.000000
-5.600000 -0.800000 4.600000 -1.800000 -10.000000 -7.000000 -1.200000 5.800000
2.200000 -1.000000 4.600000 8.200000 -8.200000 9.000000 2.800000 -3.800000
-0.200000 8.400000 3.400000 -0.400000 -1.600000 -5.200000 -5.600000 9.400000
-7.000000 -5.800000 -0.000000 8.600000 0.400000 -5.600000 8.600000 2.200000
