9 5
22.440000 142.532000 40.528000 49.020000 -54.048000 34.268000 160.480000 160.032000 -16.320000
5.000000 9.800000 -7.800000 -2.800000 -2.800000
8.000000 -5.200000 -2.800000 6.800000 -5.600000
10.000000 2.400000 6.000000 4.600000 -9.400000
9.400000 -7.800000 6.800000 -4.000000 -7.800000
7.600000 -2.400000 -5.800000 3.600000 -4.000000
-1.600000 -7.400000 3.000000 7.800000 -4.200000
8.000000 -7.000000 1.800000 1.400000 2.600000
8.400000 8.800000 4.800000 -1.200000 4.000000
8.000000 8.000000 -1.800000 8.600000 -1.400000
-2.400000 0.200000 -3.800000 3.600000 -0.600000
