10 7
3.528000 62.560000 29.744000 -112.932000 219.240000 90.304000 54.060000 53.480000 101.728000 51.184000
-8.600000 5.400000 -9.200000 7.200000 -0.800000 -2.800000 3.400000
-8.200000 -8.200000 2.200000 -8.800000 4.600000 9.600000 8.400000
-1.200000 9.000000 -8.400000 -9.200000 6.200000 9.000000 3.000000
-4.400000 6.400000 1.400000 -5.200000 1.400000 7.600000 2.000000
-4.000000 4.800000 -0.600000 -6.800000 -9.400000 9.400000 -2.600000
2.200000 5.800000 6.600000 -7.200000 9.400000 -4.200000 8.400000
1.800000 -7.800000 -5.600000 5.200000 7.000000 2.800000 0.800000
-8.200000 9.200000 -2.000000 9.200000 -1.800000 0.200000 -3.200000
-4.600000 7.200000 -6.600000 9.800000 -1.400000 -0.200000 0.200000
2.600000 3.800000 -1.600000 3.200000 4.200000 -8.200000 -0.800000
6.600000 8.600000 3.800000 -1.400000 4.800000 -2.200000 -8.000000
