8 7
167.280000 300.888000 -30.096000 436.424000 141.588000 12.376000 -2.200000 140.920000
1.200000 5.400000 -6.400000 -6.400000 0.400000 7.800000 3.200000
2.200000 5.000000 -2.200000 0.600000 3.800000 -0.200000 5.600000
4.000000 7.600000 7.600000 7.000000 -6.600000 4.800000 2.400000
-4.800000 6.200000 -7.200000 5.400000 -8.000000 3.800000 -3.400000
6.800000 9.200000 -3.000000 5.600000 8.600000 6.800000 -5.800000
-0.600000 -3.000000 7.200000 1.800000 8.800000 4.400000 -5.200000
4.200000 5.600000 2.400000 -7.800000 -9.000000 2.600000 3.000000
-1.200000 2.800000 1.400000 -0.400000 -0.400000 5.000000 -6.400000
0.200000 5.200000 3.400000 1.600000 4.000000 -5.200000 4.400000
