10 7
74.400000 164.312000 -66.724000 -103.284000 41.904000 -87.744000 -29.536000 -72.716000 -58.856000 169.176000
-7.000000 -3.400000 0.000000 -6.000000 -5.000000 2.200000 9.200000
-1.800000 1.200000 -7.200000 -7.000000 5.200000 6.400000 6.400000
7.000000 -2.800000 -6.800000 7.000000 -6.600000 7.800000 7.400000
-2.400000 -5.800000 0.400000 1.800000 0.600000 -6.600000 4.800000
0.600000 -2.400000 -4.400000 -8.200000 1.800000 -8.200000 1.600000
-2.000000 6.200000 -5.200000 -8.800000 4.000000 3.200000 -2.200000
-9.400000 1.800000 7.800000 3.200000 -6.200000 -6.400000 -7.800000
-9.000000 2.400000 -0.200000 -0.400000 7.400000 -2.800000 -3.600000
-5.400000 -8.000000 -6.400000 7.200000 8.000000 -7.800000 2.800000
-6.400000 -3.400000 -10.000000 2.600000 5.600000 -1.200000 -3.600000
-2.400000 9.600000 0.400000 4.000000 2.000000 -0.400000 -1.200000
