8 5
222.832000 52.528000 122.616000 136.648000 56.012000 87.780000 179.816000 51.224000
-5.000000 -6.600000 -8.800000 9.200000 -0.600000
5.800000 0.400000 -8.000000 8.200000 9.200000
2.000000 5.000000 -8.000000 2.600000 -5.000000
3.200000 3.000000 -3.800000 5.400000 -3.200000
6.400000 9.200000 -7.200000 -1.000000 4.200000
0.800000 2.800000 8.200000 3.000000 -9.000000
7.200000 5.000000 0.200000 -3.600000 -2.800000
5.200000 9.400000 5.000000 9.400000 -8.800000
5.000000 8.800000 -7.600000 -3.600000 -6.400000
