8 6
203.776000 347.616000 200.804000 110.124000 -88.564000 144.720000 21.960000 213.316000
6.000000 -10.000000 -0.200000 1.800000 3.400000 8.600000
-8.600000 10.000000 -9.000000 4.000000 7.800000 6.400000
0.000000 5.400000 7.000000 9.000000 1.200000 4.000000
10.000000 -7.200000 6.200000 7.600000 4.000000 4.200000
8.800000 -6.000000 -0.600000 9.600000 -4.000000 1.000000
-6.000000 -2.800000 -8.200000 -0.400000 3.600000 -5.400000
7.800000 0.200000 1.600000 6.600000 -2.200000 0.800000
-7.000000 3.400000 -0.600000 -4.800000 3.000000 6.200000
-8.600000 6.600000 7.800000 -2.400000 5.800000 7.000000
