9 5
48.932000 101.040000 176.904000 -5.540000 104.728000 -37.688000 -4.400000 91.624000 50.848000
-9.200000 4.600000 5.600000 -6.600000 -1.400000
-1.200000 -2.000000 -3.200000 8.000000 -9.800000
-4.800000 0.000000 0.000000 7.400000 3.600000
1.200000 6.200000 4.400000 5.000000 -3.200000
0.600000 4.400000 -4.000000 0.000000 -1.600000
-4.000000 2.600000 0.400000 4.400000 7.400000
-8.200000 -1.000000 -6.400000 -0.200000 0.400000
-0.600000 9.600000 -3.200000 -2.000000 -0.600000
0.800000 -1.400000 9.400000 0.600000 9.800000
-9.800000 0.600000 9.200000 -2.800000 5.200000
