9 5
30.096000 35.552000 13.464000 -39.008000 -41.592000 146.908000 -38.416000 20.832000 -54.336000
-2.000000 -6.000000 -3.600000 -2.400000 -6.600000
-6.200000 0.800000 -1.600000 3.000000 6.000000
7.200000 -5.800000 2.800000 2.400000 3.000000
2.200000 4.400000 -2.400000 -7.600000 3.000000
10.000000 -1.800000 -8.000000 1.400000 -2.200000
-8.400000 -1.400000 -5.600000 3.000000 1.000000
-0.800000 2.600000 3.600000 7.800000 -2.200000
6.400000 0.800000 -8.000000 0.800000 -4.000000
-5.200000 5.200000 3.600000 3.200000 -8.400000
7.000000 -7.600000 -4.600000 -0.800000 2.200000
