8 5
-38.816000 14.560000 59.752000 -17.904000 -65.304000 -32.120000 145.596000 14.076000
2.400000 9.000000 0.000000 -9.800000 -9.600000
3.800000 -0.400000 -8.800000 2.200000 -6.800000
-3.200000 -0.800000 8.200000 0.600000 -2.800000
5.200000 -3.000000 0.800000 5.400000 6.800000
-5.200000 -6.400000 9.800000 2.800000 -3.400000
9.000000 -7.200000 -8.400000 -8.600000 -9.600000
-3.000000 -1.000000 -7.000000 0.800000 -0.800000
6.600000 6.000000 6.000000 -0.600000 4.800000
5.000000 0.800000 -6.800000 -3.200000 6.400000
