10 9
180.264000 66.960000 -139.048000 130.220000 359.616000 147.672000 1.240000 -107.744000 -13.584000 -15.428000
-6.400000 -2.600000 5.400000 -0.200000 -4.400000 3.000000 3.600000 4.800000 -6.800000
1.600000 8.800000 -1.400000 8.800000 3.600000 3.000000 -9.200000 0.000000 9.000000
5.400000 1.000000 3.400000 1.600000 -1.600000 1.400000 5.400000 -4.800000 -2.200000
-6.400000 -9.600000 -8.800000 4.600000 -2.600000 -7.600000 3.600000 -3.000000 -5.600000
9.400000 6.600000 3.200000 -9.400000 -9.000000 6.400000 -0.200000 3.600000 -8.400000
0.000000 2.800000 9.800000 5.600000 0.400000 6.000000 3.000000 9.200000 8.800000
9.200000 0.800000 0.400000 9.400000 -2.000000 -9.600000 -3.400000 4.600000 5.600000
0.600000 -1.600000 -2.200000 -3.800000 8.600000 3.400000 3.200000 9.600000 -10.000000
1.400000 1.800000 -0.200000 -8.600000 7.600000 -6.400000 2.600000 -9.800000 -3.600000
9.400000 1.600000 -5.600000 -4.000000 4.400000 2.400000 -6.800000 -2.800000 -8.000000
-0.000000 -5.600000 -0.600000 3.400000 -6.200000 1.000000 -6.000000 -9.000000 6.000000
